1.19329 0.025615 1116 0.0190279 33 0.000769656
1.14981 0.0633695 2681 0.0447091 89 0.00204377
1.07695 0.0640888 2689 0.0451635 89 0.00204377
1.06707 0.13451 5819 0.0983097 215 0.00493562
1.01834 0.328915 12732 0.22319 371 0.0116358
0.99963 0.470643 18559 0.317503 503 0.0176664
0.998318 0.683916 26152 0.44167 759 0.0294333
0.993019 0.717603 27164 0.460024 785 0.0309422
0.973817 0.914476 33960 0.556345 859 0.0383382
0.943966 1.05637 38430 0.625309 925 0.0461123
0.930088 1.13566 41425 0.670176 947 0.048774
0.923342 1.74188 63197 1.01657 1167 0.0723606
0.908268 2.03006 72622 1.18112 1319 0.0877721
0.903401 2.33573 77482 1.25939 1567 0.112968
0.900548 2.34364 77817 1.2645 1567 0.112968
0.89697 3.39862 104235 1.67574 2344 0.165471
0.896407 3.4423 104320 1.68118 2385 0.168136
